acc:  0.47011861313868614 f1:  0.47487132535198756

with function_name:
acc:  0.5469890510948905 f1:  0.5566978949231951

